samp	leaf_numbers
1	29
2	31
3	27
4	31
5	30
6	36
7	33
8	34
9	30
10	32
11	32
12	28
13	30
14	30
15	31
16	30
17	34
19	30
20	31
21	25
22	31
23	29
24	31
25	27
26	29
27	28
28	36
29	31
30	36
31	31
32	37
33	29
34	29
35	30
36	30
37	29
38	29
39	38
40	39
41	32
42	29
43	30
44	29
45	28
46	30
47	30
48	32
49	33
50	36
51	31
52	32
53	28
54	32
55	31
56	32
57	33
58	29
59	31
60	31
61	33
62	30
63	26
64	32
65	30
66	27
67	30
68	28
69	29
70	28
71	28
72	28
73	30
74	32
75	28
76	31
77	32
78	37
79	31
80	28
81	33
82	34
83	30
84	33
85	29
86	33
87	30
88	35
89	28
90	32
91	32
92	26
93	33
94	29
95	31
96	25
97	34
98	33
99	38
100	34
101	28
102	34
103	28
104	30
105	27
106	29
107	30
108	34
109	34
110	29
111	29
112	31
113	35
114	32
115	35
116	39
117	33
118	30
119	32
120	28
121	36
122	36
123	34
124	35
125	31
126	32
127	32
128	31
129	30
130	30
131	33
132	33
133	29
134	34
135	31
136	34
137	34
138	34
139	31
140	33
141	33
142	33
143	29
144	31
145	35
146	28
147	30
148	29
149	28
150	29
151	35
152	32
152	34
153	33
154	35
155	33
156	35
157	30
158	29
159	40
160	35
161	33
162	29
163	34
164	33
165	32
166	32
167	31
168	32
169	32
170	30
171	35
172	33
173	33
174	32
175	33
176	34
177	33
178	32
179	32
180	31
181	32
182	35
183	33
184	30
185	34
186	31
187	25
188	33
189	30
190	34
191	29
192	32
193	35
194	31
195	33
196	33
197	33
198	34
199	31
200	32
201	32
202	32
203	30
204	30
205	34
206	28
207	32
209	31
210	36
211	31
212	30
213	35
214	35
215	39
216	32
217	30
218	28
219	30
220	35
221	31
222	29
223	27
224	28
225	32
226	28
227	27
228	31
229	30
230	32
231	36
232	34
233	36
234	32
235	28
236	32
237	30
238	28
239	34
240	30
241	35
242	27
243	32
244	30
245	30
246	29
247	30
248	30
249	34
250	28
251	28
252	29
253	34
254	35
255	32
256	31
257	31
258	29
259	35
260	30
261	34
262	31
263	30
264	30
265	24
266	28
267	35
268	35
269	28
270	33
271	30
272	30
273	36
274	32
275	21
276	30
277	32
278	36
279	35
280	29
281	34
282	31
283	32
284	33
285	31
286	30
287	34
288	30
289	32
290	27
291	34
292	32
293	30
294	36
295	35
296	32
297	34
298	29
299	35
300	36
301	32
302	39
303	29
304	35
306	35
307	34
308	33
309	39
310	36
311	37
312	32
313	32
314	35
315	36
316	32
318	33
319	35
320	35
321	32
322	32
323	28
324	32
325	30
326	35
327	40
328	34
329	34
330	29
331	32
332	36
333	35
334	33
335	31
336	26
337	37
338	38
339	31
340	35
341	32
342	34
343	36
344	35
345	33
346	31
347	32
348	36
349	37
350	32
351	33
352	32
353	31
354	38
355	32
356	32
357	32
358	34
359	30
360	28
361	37
362	35
363	31
364	34
365	33
366	36
367	35
368	37
369	34
370	36
371	29
371	35
372	31
373	30
374	29
375	32
376	36
377	32
378	35
379	35
380	38
381	35
382	32
383	36
384	33
385	35
386	34
387	32
388	30
389	32
390	30
391	38
392	34
393	37
394	37
395	32
396	34
397	36
398	34
399	32
400	34
401	33
402	31
403	37
404	31
405	32
406	33
407	31
408	32
409	28
410	27
411	35
412	29
413	31
414	31
416	26
417	31
418	30
419	27
420	30
421	30
422	30
423	30
424	36
425	32
426	27
427	30
428	33
429	34
430	31
431	32
432	32
433	25
434	31
435	27
436	31
437	31
438	33
439	34
440	26
441	32
442	28
443	27
444	33
445	29
446	32
447	31
448	33
449	35
450	29
451	31
452	26
453	35
454	28
455	30
456	25
457	26
458	28
459	29
460	35
461	31
462	29
463	30
464	27
465	30
466	35
467	31
468	33
469	35
470	28
471	29
472	31
473	29
474	34
475	31
476	36
477	35
478	31
479	31
480	29
481	35
482	29
483	28
484	33
485	35
487	32
488	27
489	29
490	35
491	32
492	29
493	30
495	33
496	29
497	31
498	33
499	32
500	30
501	27
502	31
503	32
504	39
505	36
506	29
507	32
508	29
509	28
510	27
511	32
512	35
513	32
514	32
515	32
516	30
517	35
519	29
520	30
521	31
522	30
523	30
524	28
525	29
526	34
527	34
528	32
529	34
530	31
531	31
532	36
533	27
534	29
535	31
536	33
537	31
538	29
539	26
540	33
541	33
542	26
544	35
545	34
546	38
547	39
548	28
548	32
549	29
549	35
550	31
551	38
552	31
553	32
554	29
555	35
556	34
557	35
558	37
559	35
560	29
562	34
563	33
564	26
565	34
566	27
567	26
568	30
569	34
570	36
571	32
572	33
573	29
574	31
575	33
576	35
577	35
578	34
578	32
579	28
580	31
581	26
582	32
583	31
584	29
585	32
586	31
587	28
588	34
589	31
590	31
590	33
591	39
592	29
593	34
594	35
595	28
596	34
597	31
598	32
599	33
600	40
601	32
602	35
603	30
604	42
605	36
606	35
607	36
608	34
609	34
609	38
610	36
611	32
612	39
613	32
614	35
615	30
616	31
617	33
618	35
619	35
620	30
621	28
622	30
623	26
625	31
626	28
627	35
628	32
629	30
630	34
631	24
632	32
633	34
634	32
635	28
636	30
637	36
638	33
639	32
640	34
641	30
642	35
643	32
644	35
645	36
646	28
647	33
648	34
649	31
650	31
651	35
652	32
652	34
653	36
654	36
655	33
656	32
656	36
657	30
658	37
659	36
660	30
660	30
661	36
662	29
663	35
665	31
667	27
668	28
668	33
669	36
670	40
671	32
672	35
673	35
674	38
675	26
675	37
677	30
678	27
679	30
680	32
681	30
682	27
683	30
684	35
685	34
686	34
687	30
688	30
690	33
691	33
693	33
694	28
695	31
696	27
699	33
700	27
701	34
702	32
703	30
704	32
705	34
706	24
707	29
708	32
709	33
710	34
712	36
713	29
714	30
715	29
716	32
718	27
719	34
720	30
722	32
723	28
724	30
725	31
726	35
727	35
728	35
729	32
730	37
731	32
732	34
733	33
734	33
735	32
736	35
737	30
738	30
739	30
740	31
741	33
743	36
744	30
745	31
746	33
747	39
748	30
749	29
751	29
752	32
753	32
754	28
755	32
756	29
756	32
757	32
758	30
759	32
760	36
761	35
762	32
763	28
764	34
765	31
766	32
767	33
768	34
769	31
770	32
771	34
772	31
773	33
774	36
775	30
776	40
777	32
778	29
779	37
780	28
781	32
781	35
782	29
783	34
784	33
785	35
786	30
788	32
789	27
790	32
791	29
792	37
793	26
794	26
795	29
796	31
797	35
798	35
799	34
800	29
801	32
803	32
804	33
805	28
806	31
810	35
813	32
813	34
814	31
815	33
816	36
817	34
818	30
819	31
820	31
821	32
822	36
823	32
824	28
825	33
826	34
828	35
829	34
830	34
831	33
832	32
833	33
834	36
836	33
836	33
837	38
838	31
839	36
840	38
841	34
842	31
843	30
844	33
845	29
846	32
847	35
848	38
849	30
851	33
855	27
856	27
857	29
858	32
859	32
860	28
861	32
862	29
863	32
864	32
865	30
866	32
867	36
868	35
869	32
870	28
871	34
872	31
873	32
874	33
875	37
876	36
877	30
878	30
879	36
880	29
881	35
882	31
883	27
884	28
885	33
886	36
887	40
888	32
889	35
890	35
891	38
892	26
893	37
894	30
895	27
896	30
897	32
898	30
899	27
900	
901	
902	
903	
904	
905	
906	
907	
908	
909	30
910	35
911	34
912	30
913	34
914	24
915	32
916	34
917	32
918	28
919	30
920	36
921	33
922	32
923	34
924	30
925	35
926	32
927	35
928	36
929	28
930	33
931	34
932	31
933	35
934	32
935	34
936	29
937	35
938	36
939	32
940	39
941	29
942	35
943	35
944	34
945	33
946	39
947	36
948	37
949	32
950	32
951	35
952	36
953	32
954	33
955	35
956	35
957	32
958	32
959	28
960	32
961	30
962	35
963	40
964	34
965	34
966	29
967	28
968	36
969	31
970	36
971	31
972	37
973	29
974	29
975	30
976	30
977	29
978	29
979	38
980	39
981	32
982	29
983	30
984	29
985	28
986	30
987	30
988	32
989	33
990	36
991	31
992	32
993	28
994	32
995	31
996	32
997	33
998	29
999	31
1000	
1001	
1003	
1005	
1007	
1008	
1009	
1010	
1011	31
1012	
1013	
1014	
1015	
1016	
1017	
1018	
1021	
1023	
1024	
1025	
1026	
1031	
1032	
1032	36
1033	34
1034	35
1035	31
1036	32
1037	32
1038	31
1039	30
1040	30
1041	33
1042	33
1043	29
1044	34
1045	31
1046	34
1047	34
1048	34
1049	31
1050	33
1051	33
1052	33
1053	29
1054	31
1055	35
1056	28
1057	30
1058	29
1059	28
1060	29
1061	35
1062	32
1063	34
1064	33
1065	35
1066	33
1067	35
1068	30
1069	29
1070	40
1071	35
1072	33
1073	29
1074	34
1075	33
1076	32
1077	32
1078	31
1079	32
1080	32
1081	30
1082	35
1083	33
1084	33
1085	32
1086	33
1087	34
1088	33
1089	32
1090	32
1091	31
1092	32
1093	35
1094	33
1095	32
1096	31
1097	33
1098	35
1099	29
1100	
1111	
1112	
1113	
1116	
1120	
1121	
1121	31
1122	26
1123	35
1124	28
1125	30
1126	25
1127	26
1128	28
1129	29
1130	35
1131	31
1132	29
1133	30
1134	27
1135	30
1136	35
1137	31
1138	33
1139	35
1140	28
1141	29
1142	31
1143	29
1144	34
1145	31
1146	35
1147	32
1148	34
1149	29
1150	35
1151	36
1152	32
1153	39
1154	29
1155	35
1156	35
1157	34
1158	33
1159	39
1160	36
1161	37
1162	32
1163	32
1164	35
1165	36
1166	32
1167	33
1168	35
1169	35
1170	32
1171	32
1172	28
1173	32
1174	30
空	32
2-1	38
2-2	35
2-3	34
2-4	31
2-5	37
2-6	32
2-7	38
2-8	29
2-9	39
2-10	37
2-11	34
2-12	36
2-13	35
2-14	37
2-15	29
2-16	34
2-17	31
2-18	29
2-19	37
2-20	32
2-21	39
2-22	31
2-23	31
2-24	33
2-25	32
2-26	40
2-27	33
2-28	34
2-29	32
2-30	33
2-31	36
2-32	29
2-33	33
2-34	30
2-35	31
2-36	38
2-37	31
2-38	32
2-39	31
2-40	36
2-41	37
2-42	44
2-43	32
2-44	36
2-45	27
2-46	32
2-47	36
2-48	30
2-49	34
2-50	35
2-51	30
2-52	36
2-53	30
2-54	30
2-55	32
2-56	26
2-57	29
2-58	37
2-59	35
2-60	37
2-61	34
2-62	37
2-63	29
2-64	35
2-65	39
2-66	40
2-67	36
2-68	38
2-69	33
2-70	30
2-71	37
2-72	36
2-73	34
2-74	36
2-75	39
2-76	42
2-77	42
2-78	43
2-79	35
2-80	40
2-81	39
2-82	26
2-83	26
2-84	33
2-85	31
2-86	33
2-87	36
2-88	36
2-89	46
2-90	29
2-91	34
2-92	36
2-93	38
2-94	35
2-95	33
2-96	34
2-97	34
2-98	31
2-99	38
2-100	38
2-101	36
2-102	37
2-103	40
2-104	33
2-105	36
2-106	35
2-107	39
2-108	35
2-109	39
2-110	32
2-111	36
2-112	41
2-113	33
2-114	36
2-115	40
2-116	26
2-117	33
2-118	31
2-119	33
2-120	35
2-121	34
2-122	31
2-123	30
2-124	28
2-125	37
2-126	30
2-127	37
2-128	35
2-129	34
2-130	34
2-131	32
2-132	26
2-133	34
2-134	21
2-135	34
2-136	38
2-137	34
2-138	36
2-139	40
2-140	35
2-141	33
2-142	39
2-143	35
2-144	36
2-145	30
2-146	43
2-147	39
2-148	39
2-149	45
2-150	33
2-151	37
2-152	32
2-153	31
2-154	31
2-155	33
2-156	32
2-157	36
2-158	35
2-159	32
2-160	31
2-161	34
2-162	34
2-163	31
2-164	34
2-165	28
2-166	41
2-167	34
2-168	32
2-169	40
2-170	26
2-171	37
2-172	34
2-173	42
2-174	30
2-175	38
2-176	36
2-177	39
2-178	37
2-179	26
2-180	33
2-181	25
2-182	27
2-183	32
2-184	36
2-185	31
2-186	40
2-187	37
2-188	38
2-189	40
2-190	29
2-191	31
2-192	28
2-193	36
2-194	35
2-195	39
2-196	39
2-197	35
2-198	36
2-199	29
2-200	39
2-201	41
2-202	37
2-203	38
2-204	42
2-205	34
2-206	30
2-207	35
2-208	37
2-209	31
2-210	40
2-211	33
2-212	30
2-213	37
2-214	34
2-215	33
2-216	39
2-217	34
2-218	30
2-219	35
2-220	36
2-221	37
2-222	30
2-223	35
2-224	33
2-225	39
2-226	36
2-227	38
2-228	25
2-229	33
2-230	37
2-231	38
2-232	35
2-233	37
2-234	30
2-235	33
2-236	34
2-237	30
2-238	31
2-239	31
2-240	33
2-241	31
2-242	40
2-243	32
2-244	26
2-245	28
2-246	42
2-247	34
2-248	37
2-249	41
2-250	36
2-251	44
2-252	35
2-253	39
2-254	33
2-255	37
2-256	30
2-257	21
2-258	36
2-259	32
2-260	27
2-261	38
2-262	34
2-263	37
2-264	28
2-265	37
2-266	30
2-267	36
2-268	37
2-269	35
2-270	34
2-271	31
2-272	36
2-273	31
2-274	30
2-275	29
2-276	30
2-277	34
2-278	29
2-279	30
2-280	27
2-281	30
2-282	28
2-283	33
2-284	32
2-285	27
2-286	27
2-287	30
2-288	30
2-289	32
2-290	38
2-291	34
2-292	31
2-293	33
2-294	32
2-295	31
2-296	35
2-297	31
2-298	24
2-299	23
2-300	29
2-301	33
2-302	34
2-303	35
2-304	29
2-305	31
2-306	33
2-307	30
2-308	32
2-309	31
2-310	37
2-311	36
2-312	33
2-313	39
2-314	33
2-315	34
2-316	29
2-317	35
2-318	40
2-319	33
2-320	38
2-321	36
2-322	35
2-323	35
2-324	27
2-325	35
2-326	30
2-327	36
2-328	34
2-329	42
2-330	33
2-331	32
2-332	32
2-333	31
2-334	36
2-335	43
2-336	37
2-337	35
2-338	35
2-339	38
2-340	33
2-341	38
2-342	32
2-343	40
2-344	36
2-345	31
2-346	38
2-347	32
2-348	32
2-349	33
2-350	33
2-351	38
2-352	37
2-353	37
2-354	29
2-355	39
2-356	43
2-357	37
2-358	39
2-359	38
2-360	35
2-361	41
2-362	28
2-363	35
2-364	34
2-365	37
2-366	38
2-367	37
2-368	31
2-369	39
2-370	36
2-371	35
2-372	29
2-373	30
2-374	34
2-375	31
2-376	33
2-377	36
2-378	32
2-379	33
2-380	37
2-381	26
2-382	36
2-383	32
2-384	35
2-385	39
2-386	32
2-387	39
2-388	36
2-389	42
2-390	33
2-391	38
2-392	42
2-393	29
2-394	35
2-395	30
2-396	38
2-397	39
2-398	38
2-399	29
2-400	32
2-401	33
2-402	30
2-403	34
2-404	38
2-405	33
2-406	35
2-407	35
2-408	37
2-409	30
2-410	35
2-411	31
2-412	28
2-413	36
2-414	30
2-415	38
2-416	30
2-417	32
2-418	33
2-419	31
2-420	41
2-421	34
2-422	34
2-423	29
2-424	35
2-425	36
2-426	35
2-427	32
2-428	33
2-429	33
2-430	34
2-431	34
2-432	29
2-433	30
2-434	34
2-435	35
2-436	33
2-437	32
2-438	30
2-439	28
2-440	29
2-441	23
2-442	30
2-443	27
2-444	28
2-445	36
2-446	33
2-447	37
2-448	36
2-449	30
