samp	ridgeleaf_numbers
1	58.87
2	63.2
3	72.1
4	66.7
5	67.8
6	64.5
7	60
8	71.9
9	70.12
10	78.9
11	83.5
12	61.2
13	84.7
14	73.43
15	71.32
16	71.1
17	71.3
19	77.2
20	67.5
21	71.5
22	72.3
23	67.8
24	69.1
25	69.7
26	58.9
27	57.8
28	79.2
29	60.7
30	62.7
31	71.3
32	64.2
33	64.5
34	60.8
35	66.7
36	58.2
37	42.3
38	63.4
39	74.5
40	63.2
41	64.2
42	56.4
43	60.8
44	75.6
45	53.4
46	69.5
47	70.2
48	73.1
49	66.8
50	60.1
51	52.3
52	66.8
53	57.8
54	58.1
55	68.2
56	71.8
57	58.4
58	65.4
59	77.8
60	72.5
61	66.1
62	56
63	64.5
64	74.5
65	59.4
66	70.2
67	71.2
68	71.2
69	64.8
70	68.5
71	70.5
72	51.2
73	59.7
74	68.3
75	67.2
76	67.5
77	61.9
78	77.2
79	57.6
80	69.4
81	71.2
82	69.2
83	63.2
84	70.6
85	73.5
86	69.4
87	68.4
88	69.1
89	61.2
90	70.1
91	71.5
92	61.7
93	56.7
94	66.5
95	74.5
96	65.2
97	71.2
98	73.2
99	80.4
100	53.4
101	62.33
102	67.7
103	63.4
104	53.7
105	54.2
106	62.9
107	58.3
108	77.3
109	79.2
110	61.2
111	60.5
112	63
113	72
114	61.8
115	61.1
116	76.5
117	66.7
118	60.9
119	57.2
120	50.1
121	63.4
122	66.7
123	69.7
124	48.3
125	60.7
126	60.1
127	69.8
128	58.4
129	65.1
130	61.4
131	55.2
132	59.1
133	67.2
134	65.1
135	52.34
136	79.9
137	50.9
138	66.7
139	71.2
140	65.4
141	68.32
142	53.2
143	59.7
144	60.5
145	72.3
146	65.3
147	63.1
148	63.4
149	58.1
150	63.5
151	67.3
152	59.9
152	69.1
153	67.5
154	60.5
155	65.4
156	72.1
157	57.2
158	72.1
159	65.4
160	51.2
161	64.2
162	60.9
163	62.6
164	63.2
165	56.34
166	55.3
167	70.9
168	63.1
169	62.7
170	52.1
171	64.5
172	67.5
173	64.35
174	57
175	42.1
176	56.8
177	63.4
178	66.5
179	64.2
180	60.1
181	48.1
182	59.2
183	55.4
184	65.5
185	69.3
186	68.5
187	77.3
188	75.6
189	50.34
190	52.3
191	51.62
192	74.3
193	67.8
194	47.2
195	59.3
196	60.2
197	58.2
198	67.5
199	62
200	51.3
201	62.1
202	78.1
203	64.9
204	65.7
205	73.2
206	53.31
207	60.8
209	55.2
210	56.9
211	75.4
212	70.2
213	63.2
214	70.4
215	57.4
216	66.5
217	67.2
218	53.1
219	68.2
220	74.2
221	63.6
222	41.2
223	57.3
224	59.3
225	70.1
226	50.6
227	66.4
228	62.2
229	73.3
230	63.8
231	62.4
232	62.1
233	53.2
234	63.2
235	54.32
236	68.4
237	68.9
238	72.4
239	70
240	63.4
241	58.8
242	44.2
243	58.3
244	63.1
245	62.7
246	70.8
247	67.3
248	60.3
249	62.3
250	68.99
251	72.1
252	64.5
253	63.3
254	62.5
255	62.8
256	52.5
257	54.1
258	76.8
259	55.9
260	54.3
261	53.7
262	57.5
263	61.01
264	52.5
265	60.9
266	61.4
267	73.2
268	60
269	56.2
270	60.1
271	63.9
272	46.9
273	55.7
274	69.9
275	66.36
276	64.3
277	51.4
278	52.7
279	72.1
280	73.2
281	52.7
282	65.7
283	67.8
284	62.1
285	63.7
286	20.1
287	55.4
288	66.7
289	69.9
290	60.2
291	55.2
292	71.3
293	53.9
294	70.8
295	59.5
296	70.4
297	66.1
298	57.2
299	51.5
300	63.1
301	59.4
302	59.9
303	64.2
304	66.4
306	60.7
307	67.3
308	74.2
309	64.9
310	65.4
311	46.7
312	56.4
313	62.1
314	58.4
315	69.2
316	62.8
318	68.2
319	66.1
320	69.9
321	68.4
322	65.7
323	49.9
324	65.1
325	54.6
326	64.7
327	63.4
328	69.8
329	62.4
330	52.7
331	61.8
332	55.4
333	61.7
334	66.7
335	57.2
336	69.9
337	78.5
338	70.5
339	68.2
340	61.2
341	67.3
342	60.4
343	64.2
344	56.7
345	69.8
346	65.4
347	58.9
348	68.4
349	64.7
350	68.1
351	73.2
352	77.2
353	59.2
354	72.1
355	58.7
356	67.4
357	53.2
358	69.4
359	63.1
360	51.4
361	76.5
362	52.2
363	60.8
364	74.2
365	60.4
366	59.2
367	60.7
368	70.8
369	57.2
370	20.41
371	60.1
371	66.3
372	67.5
373	62.5
374	60.2
375	62.7
376	67.4
377	67.2
378	65.4
379	60.1
380	76.9
381	72.4
382	63.3
383	67.4
384	69.8
385	61.4
386	59.6
387	60.4
388	64.5
389	75.4
390	58.7
391	58.9
392	65.4
393	62.2
394	63.3
395	68.7
396	72.8
397	71.2
398	70.2
399	63.3
400	65.34
401	70.1
402	79
403	71.6
404	59.6
405	76.8
406	72.9
407	64.2
408	71.9
409	64.5
410	47.5
411	65.4
412	52.2
413	58.5
414	64.4
416	46.4
417	66.6
418	61.4
419	51.4
420	62.9
421	70.3
422	78.3
423	63.7
424	66.6
425	62.7
426	54.7
427	61.2
428	67.5
429	63.4
430	59.2
431	62.1
432	64.3
433	49.5
434	64.2
435	64.3
436	60.7
437	59.4
438	71.2
439	72.3
440	68.9
441	73.5
442	73.7
443	60.57
444	71.4
445	58.7
446	63.7
447	62.2
448	61.9
449	73.5
450	49.7
451	64.3
452	63.4
453	64.5
454	58.1
455	61.2
456	81.4
457	48.9
458	75.8
459	63.5
460	69.9
461	71.2
462	54.4
463	76.3
464	60.8
465	76.3
466	74.2
467	69.8
468	65.5
469	78.5
470	51.2
471	50.9
472	56.3
473	60.1
474	54.5
475	59.8
476	61.3
477	64.1
478	58.7
479	57.8
480	59.5
481	69.3
482	59.8
483	69.8
484	66.4
485	63.2
487	61.2
488	64.5
489	60.4
490	63.2
491	51.2
492	65.3
493	54.3
495	63.2
496	57.3
497	60.3
498	58.5
499	61.05
500	55.3
501	69.4
502	56.6
503	65.9
504	55.4
505	79.9
506	64.8
507	60.7
508	59.7
509	51.5
510	53.3
511	56.5
512	52.3
513	71.5
514	67.7
515	61.2
516	73.7
517	67.8
519	69.9
520	51.4
521	51.3
522	56.7
523	62.4
524	64.4
525	59.2
526	52.1
527	64.5
528	60.2
529	71.2
530	64.5
531	67.8
532	60.2
533	67.3
534	61.5
535	63.5
536	68.3
537	61.2
538	49.7
539	63.4
540	79.5
541	68.7
542	49.5
544	54.4
545	76.7
546	51.2
547	76.5
548	58.3
548	61.8
549	57.4
549	63.7
550	62.5
551	64.8
552	60.2
553	61.2
554	79.5
555	65.3
556	61.2
557	73.2
558	65.7
559	68.3
560	70.4
562	58.9
563	63.5
564	69.2
565	71.8
566	67.2
567	49.7
568	58.9
569	59.8
570	54.3
571	55.7
572	56.6
573	57.7
574	49.8
575	68.7
576	63.2
577	69.7
578	68.7
578	70.5
579	67.3
580	72.3
581	64.4
582	76.4
583	74.2
584	65.8
585	65.4
586	59.4
587	53.2
588	68.2
589	64.3
590	52.3
590	65.4
591	76.9
592	79.5
593	67.5
594	70.8
595	67.2
596	76.5
597	60.5
598	64.4
599	62.3
600	54.2
601	65.5
602	62.2
603	59.8
604	62.7
605	62.3
606	52.4
607	76.7
608	64.3
609	57.3
609	63.8
610	78.9
611	67.1
612	71.5
613	65.2
614	63.1
615	54.5
616	58.5
617	66.5
618	69.8
619	49.5
620	56.5
621	67.5
622	68.9
623	77.3
625	49.2
626	61.2
627	50.4
628	46.7
629	36.6
630	56.5
631	52.5
632	63.2
633	54.6
634	54.3
635	65.1
636	45.6
637	73.5
638	57.5
639	69.4
640	61.2
641	54.5
642	56.7
643	50.9
644	60.4
645	71.8
646	53.4
647	59.5
648	62.4
649	56.5
650	56.5
651	79.2
652	72.1
652	59.4
653	71.4
654	69.4
655	70.1
656	61.2
656	73.5
657	61.1
658	57.8
659	57.8
660	64.5
660	69.1
661	61.1
662	56.4
663	66.5
665	63.4
667	62.4
668	68.9
668	67.3
669	63.4
670	63.5
671	55.6
672	64.5
673	59.3
674	71.1
675	72.5
675	62.1
677	63.1
678	60.1
679	55.5
680	61.2
681	60.1
682	61.1
683	59.2
684	63.1
685	54.3
686	61.3
687	54.4
688	47.5
690	63.4
691	65.6
693	68.7
694	49.2
695	75.2
696	75.4
699	60.4
700	53.4
701	65.4
702	57.6
703	49.8
704	58.7
705	61.8
706	62.5
707	57.4
708	55.8
709	64.7
710	67.2
712	62.1
713	63.4
714	63.4
715	59.7
716	75.2
718	63.7
719	63.4
720	70.4
722	56.3
723	67.4
724	60.9
725	59.1
726	62.3
727	60.2
728	59.7
729	62.9
730	70.1
731	53.5
732	60.5
733	62.9
734	61.2
735	59.3
736	64.5
737	58.4
738	55.8
739	62.6
740	62.6
741	68.3
743	62.2
744	64.1
745	70.7
746	60.9
747	59.2
748	68.4
749	61.9
751	67.9
752	58.2
753	73.5
754	68.4
755	55.8
756	70.5
756	70.2
757	68.9
758	67.2
759	60.4
760	67.9
761	60.6
762	70.5
763	61.8
764	57.3
765	78.6
766	64.9
767	70.1
768	70.2
769	62.8
770	51.7
771	71.2
772	54.7
773	68
774	56.4
775	68.4
776	67.1
777	66.5
778	56.4
779	69.8
780	60.14
781	63.4
781	77.5
782	54.6
783	66.5
784	33.9
785	76.8
786	70.5
788	58.3
789	64.3
790	51.4
791	70.1
792	69.4
793	63.4
794	55.4
795	66.4
796	67.2
797	72.8
798	58.9
799	69.4
800	58.9
801	65.4
803	63.4
804	72.4
805	61.2
806	70.1
810	72.5
813	63.4
813	68.9
814	48.7
815	58.8
816	65.5
817	61.3
818	60.5
819	69.5
820	61.5
821	72.3
822	63.5
823	67.8
824	68.2
825	72.5
826	56.5
828	61.2
829	72.8
830	67.9
831	87.2
832	70.5
833	60.9
834	61.2
836	51.2
836	72.3
837	62.7
838	58.1
839	49.5
840	62.3
841	54.5
842	61.5
843	65.6
844	70.1
845	63.2
846	60.5
847	68.2
848	53.2
849	62.8
851	59.5
855	52.3
856	56.5
857	60.2
858	64
859	56.5
860	69.6
861	65.2
862	58.7
863	68.2
864	64.5
865	67.9
866	73
867	77
868	59
869	71.9
870	58.5
871	67.2
872	53
873	69.2
874	62.9
875	51.2
876	76.3
877	52
878	60.6
879	74
880	60.2
881	59
882	60.5
883	70.6
884	57
885	20.21
886	59.9
887	66.1
888	67.3
889	62.3
890	60
891	62.5
892	67.2
893	67
894	65.2
895	59.9
896	76.7
897	72.2
898	63.1
899	67.2
900	
901	
902	
903	
904	
905	
906	
907	
908	
909	69.6
910	61.2
911	59.4
912	60.2
913	64.3
914	75.2
915	58.5
916	58.7
917	65.2
918	62
919	63.1
920	68.5
921	72.6
922	71
923	70
924	63.1
925	65.14
926	69.9
927	78.8
928	71.4
929	59.4
930	76.6
931	72.7
932	64
933	71.7
934	64.3
935	47.3
936	65.2
937	52
938	58.3
939	64.2
940	46.2
941	66.4
942	61.2
943	51.2
944	62.7
945	70.1
946	78.1
947	63.5
948	66.4
949	62.5
950	54.5
951	61
952	67.3
953	63.2
954	59
955	61.9
956	64.1
957	49.3
958	64
959	64.1
960	60.5
961	59.2
962	71
963	72.1
964	68.7
965	73.3
966	73.5
967	60.37
968	71.2
969	58.5
970	63.5
971	62
972	61.7
973	73.3
974	49.5
975	64.1
976	63.2
977	64.3
978	57.9
979	61
980	56.1
981	65.9
982	73.9
983	64.6
984	70.6
985	72.6
986	79.8
987	52.8
988	61.73
989	67.1
990	62.8
991	53.1
992	53.6
993	62.3
994	57.7
995	76.7
996	78.6
997	60.6
998	59.9
999	62.4
1000	
1001	
1003	
1005	
1007	
1008	
1009	
1010	
1011	
1012	
1013	
1014	
1015	
1016	
1017	
1018	
1021	
1023	
1024	
1025	
1026	
1031	
1032	
1032	71.4
1033	61.2
1034	60.5
1035	75.9
1036	66.1
1037	60.3
1038	56.6
1039	49.5
1040	62.8
1041	66.1
1042	69.1
1043	47.7
1044	60.1
1045	59.5
1046	69.2
1047	57.8
1048	64.5
1049	60.8
1050	54.6
1051	58.5
1052	66.6
1053	64.5
1054	51.74
1055	79.3
1056	50.3
1057	66.1
1058	70.6
1059	64.8
1060	67.72
1061	52.6
1062	59.1
1063	59.9
1064	71.7
1065	64.7
1066	62.5
1067	62.8
1068	57.5
1069	62.9
1070	66.7
1071	59.3
1072	68.5
1073	66.9
1074	59.9
1075	64.8
1076	71.5
1077	56.6
1078	71.5
1079	64.8
1080	50.6
1081	63.6
1082	60.3
1083	62
1084	62.6
1085	55.74
1086	54.7
1087	70.3
1088	62.5
1089	62.1
1090	51.5
1091	63.9
1092	66.9
1093	63.75
1094	56.4
1095	41.5
1096	56.2
1097	62.8
1098	65.9
1099	63.6
1100	
1111	
1112	
1113	
1116	
1120	
1121	
1121	59.5
1122	47.5
1123	58.6
1124	54.8
1125	64.9
1126	68.7
1127	67.9
1128	76.7
1129	75
1130	49.74
1131	51.7
1132	51.02
1133	73.7
1134	67.2
1135	46.6
1136	58.7
1137	59.6
1138	57.6
1139	66.9
1140	61.4
1141	50.7
1142	61.5
1143	77.5
1144	64.3
1145	65.1
1146	72.6
1147	52.71
1148	60.2
1149	54.6
1150	56.3
1151	74.8
1152	69.6
1153	62.6
1154	69.8
1155	56.8
1156	65.9
1157	66.6
1158	52.5
1159	67.6
1160	73.6
1161	63
1162	40.6
1163	56.7
1164	58.7
1165	69.5
1166	50
1167	65.8
1168	61.6
1169	72.7
1170	63.2
1171	61.8
1172	61.5
1173	52.6
1174	62.6
空	60.5
2-1	
2-2	
2-3	
2-4	
2-5	
2-6	
2-7	
2-8	
2-9	
2-10	
2-11	
2-12	
2-13	
2-14	
2-15	
2-16	
2-17	
2-18	
2-19	
2-20	
2-21	
2-22	
2-23	
2-24	
2-25	
2-26	
2-27	
2-28	
2-29	
2-30	
2-31	
2-32	
2-33	
2-34	
2-35	
2-36	
2-37	
2-38	
2-39	
2-40	
2-41	
2-42	
2-43	
2-44	
2-45	
2-46	
2-47	
2-48	
2-49	
2-50	
2-51	
2-52	
2-53	
2-54	
2-55	
2-56	
2-57	
2-58	
2-59	
2-60	
2-61	
2-62	
2-63	
2-64	
2-65	
2-66	
2-67	
2-68	
2-69	
2-70	
2-71	
2-72	
2-73	
2-74	
2-75	
2-76	
2-77	
2-78	
2-79	
2-80	
2-81	
2-82	
2-83	
2-84	
2-85	
2-86	
2-87	
2-88	
2-89	
2-90	
2-91	
2-92	
2-93	
2-94	
2-95	
2-96	
2-97	
2-98	
2-99	
2-100	
2-101	
2-102	
2-103	
2-104	
2-105	
2-106	
2-107	
2-108	
2-109	
2-110	
2-111	
2-112	
2-113	
2-114	
2-115	
2-116	
2-117	
2-118	
2-119	
2-120	
2-121	
2-122	
2-123	
2-124	
2-125	
2-126	
2-127	
2-128	
2-129	
2-130	
2-131	
2-132	
2-133	
2-134	
2-135	
2-136	
2-137	
2-138	
2-139	
2-140	
2-141	
2-142	
2-143	
2-144	
2-145	
2-146	
2-147	
2-148	
2-149	
2-150	
2-151	
2-152	
2-153	
2-154	
2-155	
2-156	
2-157	
2-158	
2-159	
2-160	
2-161	
2-162	
2-163	
2-164	
2-165	
2-166	
2-167	
2-168	
2-169	
2-170	
2-171	
2-172	
2-173	
2-174	
2-175	
2-176	
2-177	
2-178	
2-179	
2-180	
2-181	
2-182	
2-183	
2-184	
2-185	
2-186	
2-187	
2-188	
2-189	
2-190	
2-191	
2-192	
2-193	
2-194	
2-195	
2-196	
2-197	
2-198	
2-199	
2-200	
2-201	
2-202	
2-203	
2-204	
2-205	
2-206	
2-207	
2-208	
2-209	
2-210	
2-211	
2-212	
2-213	
2-214	
2-215	
2-216	
2-217	
2-218	
2-219	
2-220	
2-221	
2-222	
2-223	
2-224	
2-225	
2-226	
2-227	
2-228	
2-229	
2-230	
2-231	
2-232	
2-233	
2-234	
2-235	
2-236	
2-237	
2-238	
2-239	
2-240	
2-241	
2-242	
2-243	
2-244	
2-245	
2-246	
2-247	
2-248	
2-249	
2-250	
2-251	
2-252	
2-253	
2-254	
2-255	
2-256	
2-257	
2-258	
2-259	
2-260	
2-261	
2-262	
2-263	
2-264	
2-265	
2-266	
2-267	
2-268	
2-269	
2-270	
2-271	
2-272	
2-273	
2-274	
2-275	
2-276	
2-277	
2-278	
2-279	
2-280	
2-281	
2-282	
2-283	
2-284	
2-285	
2-286	
2-287	
2-288	
2-289	
2-290	
2-291	
2-292	
2-293	
2-294	
2-295	
2-296	
2-297	
2-298	
2-299	
2-300	
2-301	
2-302	
2-303	
2-304	
2-305	
2-306	
2-307	
2-308	
2-309	
2-310	
2-311	
2-312	
2-313	
2-314	
2-315	
2-316	
2-317	
2-318	
2-319	
2-320	
2-321	
2-322	
2-323	
2-324	
2-325	
2-326	
2-327	
2-328	
2-329	
2-330	
2-331	
2-332	
2-333	
2-334	
2-335	
2-336	
2-337	
2-338	
2-339	
2-340	
2-341	
2-342	
2-343	
2-344	
2-345	
2-346	
2-347	
2-348	
2-349	
2-350	
2-351	
2-352	
2-353	
2-354	
2-355	
2-356	
2-357	
2-358	
2-359	
2-360	
2-361	
2-362	
2-363	
2-364	
2-365	
2-366	
2-367	
2-368	
2-369	
2-370	
2-371	
2-372	
2-373	
2-374	
2-375	
2-376	
2-377	
2-378	
2-379	
2-380	
2-381	
2-382	
2-383	
2-384	
2-385	
2-386	
2-387	
2-388	
2-389	
2-390	
2-391	
2-392	
2-393	
2-394	
2-395	
2-396	
2-397	
2-398	
2-399	
2-400	
2-401	
2-402	
2-403	
2-404	
2-405	
2-406	
2-407	
2-408	
2-409	
2-410	
2-411	
2-412	
2-413	
2-414	
2-415	
2-416	
2-417	
2-418	
2-419	
2-420	
2-421	
2-422	
2-423	
2-424	
2-425	
2-426	
2-427	
2-428	
2-429	
2-430	
2-431	
2-432	
2-433	
2-434	
2-435	
2-436	
2-437	
2-438	
2-439	
2-440	
2-441	
2-442	
2-443	
2-444	
2-445	
2-446	
2-447	
2-448	
2-449	
